43
46 50 27 78
87 58 83 19
84 82 50 41
13 83 4 73
98 61 68 96
12 74 18 9
93 68 93 8
25 47 94 1
2 77 91 64
97 89 54 15
45 30 63 69
0 18 44 19
31 37 30 95
67 99 60 2
2 42 38 53
43 38 12 7
57 32 53 24
24 66 59 75
91 58 14 34
54 94 57 38
23 35 3 54
63 2 83 73
94 12 26 36
73 6 38 72
47 31 57 56
81 5 92 49
11 19 66 79
67 0 35 46
48 56 29 88
51 87 63 31
39 28 71 16
51 58 76 96
88 99 82 51
89 41 8 3
9 74 59 68
63 22 60 82
13 85 87 9
82 62 10 59
41 95 98 43
39 89 64 60
16 25 72 76
46 21 51 11
78 10 71 61
