100
2343
2347
2351
2355
2359
2363
2367
2371
2375
2379
2383
2387
2391
2395
2399
2403
2407
2411
2415
2419
2423
2427
2431
2435
2439
2443
2447
2451
2455
2459
2463
2467
2471
2475
2479
2483
2487
2491
2495
2499
2503
2507
2511
2515
2519
2523
2527
2531
2535
2539
2543
2547
2551
2555
2559
2563
2567
2571
2575
2579
2583
2587
2591
2595
2599
2603
2607
2611
2615
2619
2623
2627
2631
2635
2639
2643
2647
2651
2655
2659
2663
2667
2671
2675
2679
2683
2687
2691
2695
2699
2703
2707
2711
2715
2719
2723
2727
2731
2735
2739
2743
2747
2751
2755
2759
2763
2767
2771
2775
2779
2783
2787
2791
2795
2799
2803
2807
2811
2815
2819
2823
2827
2831
2835
2839
2843
2847
2851
2855
2859
2863
2867
2871
2875
2879
2883
2887
2891
2895
2899
2903
2907
2911
2915
2919
2923
2927
2931
2935
2939
2943
2947
2951
2955
2959
2963
2967
2971
2975
2979
2983
2987
2991
2995
2999
3003
3007
3011
3015
3019
3023
3027
3031
3035
3039
3043
3047
3051
3055
3059
3063
3067
3071
3075
3079
3083
3087
3091
3095
3099
3103
3107
3111
3115
3119
3123
3127
3131
3135
3139
3143
3147
3151
3155
3159
3163
3167
3171
3175
3179
3183
3187
3191
3195
3199
3203
3207
3211
3215
3219
3223
3227
3231
3235
3239
3243
3247
3251
3255
3259
3263
3267
3271
3275
3279
3283
3287
3291
3295
3299
3303
3307
3311
3315
3319
3323
3327
3331
3335
3339
3343
3347
3351
3355
3359
3363
3367
3371
3375
3379
3383
3387
3391
3395
3399
3403
3407
3411
3415
3419
3423
3427
3431
3435
3439
3443
3447
3451
3455
3459
3463
3467
3471
3475
3479
3483
3487
3491
3495
3499
3503
3507
3511
3515
3519
3523
3527
3531
3535
3539
3543
3547
3551
3555
3559
3563
3567
3571
3575
3579
3583
3587
3591
3595
3599
3603
3607
3611
3615
3619
3623
3627
3631
3635
3639
3643
3647
3651
3655
3659
3663
3667
3671
3675
3679
3683
3687
3691
3695
3699
3703
3707
3711
3715
3719
3723
3727
3731
3735
3739
3743
3747
3751
3755
3759
3763
3767
3771
3775
3779
3783
3787
3791
3795
3799
3803
3807
3811
3815
3819
3823
3827
3831
3835
3839
3843
3847
3851
3855
3859
3863
3867
3871
3875
3879
3883
3887
3891
3895
3899
3903
3907
3911
3915
3919
3923
3927
3931
3935
3939
